  -8.726489       5.037457       1.150000      0.4350000      0.1650000    
  0.2010057    
         200   1.000000      -2.000000       93.00000       92.20785    
  0.000000000000000E+000
  -2.158853       3.272357     -0.9896313               1
 -0.1760531     -0.1436919      0.4584325    
   1.724285      -1.520322       2.330420               2
 -0.6513795      8.7506808E-02 -0.4922188    
 -0.4521379      -1.696083      2.4904925E-02           1
  0.5417365      0.9375676     -0.1326137    
   1.453297      -2.058980     -0.6916319               2
  0.3395402      0.1316297      0.4512582    
  0.2209325       2.292420       3.495275               1
  0.1152130      0.2389899     -0.4446924    
  0.7137718       1.086987      0.2048140               2
  -1.049412      9.8585971E-02  0.2430579    
   1.365307      -2.851942       2.341268               1
 -0.1435503     -0.1400130      0.1876039    
   1.749464       2.618725       1.787409               2
  0.2972867     -0.6323055     -1.1732923E-03
   1.428512       3.332305      -2.310921               1
 -0.1965493     -0.5086349      0.1240899    
  0.1141185       3.488891      -2.306798               2
  9.7496927E-02  5.4134760E-02  0.7359868    
 -0.2131693     -0.8079696     -0.1524430               1
  0.3573148     -0.2962669      -1.322516    
 -0.5147675     -0.6760101       1.585863               2
  0.5458312      8.8199023E-03 -0.7859975    
   1.400072     -0.9859221      -1.756134               1
 -0.5255806      0.1548243     -3.5173867E-02
 -0.7545924      0.6935204       2.281651               2
  8.4964871E-02 -0.3936801      0.8885499    
  -2.031140      -1.270394      -1.350779               1
  0.1155095     -0.3259826      0.2733549    
 -0.3036365     -0.9289960      -1.626767               2
  1.4362375E-02 -0.9919337     -0.5014263    
  0.6985322      0.8705717       1.248193               1
  0.8473850     -0.3439794      0.2162050    
  -2.030489      -2.241843      -2.210529               2
  0.6455679      0.4743833      0.1635832    
   3.434194      0.5162271       1.374731               1
 -0.6164379      0.1748357     -7.4203447E-02
  -2.498719      -1.146524      -1.912824               2
 -0.3582180      0.2403646     -0.7425576    
 -0.5405997      -1.130964      -2.381099               1
 -0.6234698      0.5964303     -0.2788146    
 -0.5908348       4.640438      -4.814146               2
 -5.3723585E-03  0.2249241     -0.1723253    
 -0.9572043     -0.5798242      -2.527289               1
 -0.2590298     -0.1554942      0.8500419    
 -0.8503726     -0.7222389       2.887903               2
  0.3872552      0.6954527      7.4612439E-02
  -1.487042      -3.465461     -0.6721485               1
  0.2721612     -0.3488080     -0.2742683    
  -2.392128      0.6028302     -0.4448390               2
  0.6511644     -0.2149449     -0.4950958    
  -1.649419       1.744152      0.7954404               1
  0.5617431      0.4002761     -0.2279570    
  -2.744962      -4.145899      -1.676264               2
  0.5797773     -0.1371145      0.4642945    
   2.541690       1.862312       2.447731               1
  0.1802182      7.5215913E-02  0.3111901    
  -1.599674       1.038580     -3.1448089E-02           2
 -0.7907851      6.3180581E-02 -0.1816960    
  0.4273269      0.2370157       1.609796               1
 -0.9574188     -0.1985079     -0.3121564    
  -1.850156      -3.770146      -1.078885               2
 -0.5518334      0.1598735      0.1512533    
   2.261990      -1.747372      0.5404035               1
  0.1061610      0.2069743     -0.7749698    
  0.4290750      0.1490490      -1.759044               2
  0.3751049      0.5495684      0.1551229    
   1.237175      -2.753214       1.190848               1
  4.5562629E-03 -0.6578532      0.7204610    
   3.882727       2.047892     -0.3181275               2
 -9.8219141E-02  0.2450903     -4.2927913E-02
 -0.5071720       3.944022      -2.280574               1
  9.4179481E-02 -0.1156431      0.1369339    
  0.5551553       2.787749       3.397294               2
 -0.2242646     -3.3736557E-02 -0.1623356    
  0.3056685      -2.052542       2.317498               1
  4.0183607E-03  0.7152169      0.4893470    
  0.1837770     -0.6733928       1.430880               2
  9.0247616E-03 -0.8952551      0.3597404    
