-8.629747       5.705287       1.118000      0.4472272      0.1810000    
  0.2269980    
         250   1.000000      -2.002000       102.0000       100.4423    
  0.000000000000000E+000
 -0.7549531       2.255488      0.1953271               1
   1.349088      0.5839605     -9.6134096E-02
  -1.711594       4.394706      -2.914945               2
  0.1922157      0.1177727     -0.6757529    
   3.824163      0.3573388      -1.369930               1
  4.3163106E-02  -1.087240      0.5490673    
   2.499050      -1.541130       1.120391               2
 -0.4786990      0.5946548      -1.004214    
   4.021330      0.8838882       3.662894               1
  0.5630205      0.3607265     -0.5017207    
   2.474581      -1.922385     -0.3755304               2
  0.5042116     -0.5734537     -0.4436781    
   2.545001      -2.016349      0.4942793               1
  0.1673752       1.018236     -9.2630289E-02
   1.968719      -1.830179      -3.824617               2
  3.6373220E-02 -0.1086932     -0.8116640    
  -1.266207       5.267715     -0.7821424               1
  9.7492121E-02 -4.4928599E-02 -0.6318241    
  0.3389212      -4.515228       3.095630               2
  0.1371287      0.4558102     -0.3887452    
 -0.2839607       2.626103      -2.982394               1
  0.7972538     -0.3645144      0.2309836    
  0.5353014      -2.527149       3.175814               2
 -0.5252196     -0.4977647      0.4729093    
  -2.088605     -0.8765015       2.576254               1
 -0.6323633     -0.5398197      0.8182397    
  -1.146009      -4.010008      -2.421276               2
 -0.3796121     -0.2943646      0.5972917    
   5.082465      0.6195686      -1.064579               1
  0.1110205     -7.4347936E-02 -0.7443571    
   1.419629       2.120620      0.8734518               2
  0.1314915      0.4131298     -0.8860592    
  0.7401667      0.9283886     -0.7677942               1
 -0.1436928     -0.8139616     -0.6889912    
   5.754854      -1.611248      -1.904041               2
  0.2970923     -0.1903891     -0.1274830    
  0.5281706       1.040892      -2.696973               1
  0.1706991      0.7895855      9.8459475E-02
 -0.2453098      -2.006086       2.625132               2
  0.8740906      0.7148296      0.5117201    
   1.141368      0.2033378     -4.5739572E-02           1
  -1.123304      0.3590146     -0.1385138    
  0.9100589      0.8457833       4.061243               2
  0.5229901     -0.1776738      0.6037661    
  -1.060606     -0.2635054       1.845939               1
 -0.2309334       1.024607      0.5753575    
   4.963261       1.543551      0.4241048               2
  0.1877313     -0.4305552     -0.2946842    
  0.6900523     -0.3704593       4.480926               1
  0.2559293      9.5476285E-02  0.5958965    
  -1.309433       4.916608     -0.4407774               2
 -0.4119352     -0.5938758     -1.8927917E-02
  -2.561913       2.688650       2.146838               1
 -0.2057283     -0.6800046      0.6620404    
 -0.7592235     -0.4357960      0.4312517               2
 -0.3942212      0.5197695       1.219710    
  -4.078187      0.2679017      0.6328792               1
 -0.6504390     -0.8004609     -0.5999500    
   2.529960     -0.9660196      -3.762124               2
 -0.3251039      0.8163838      0.5057949    
  0.6542249      -2.915365       1.447078               1
  0.4220319      0.1561621      -1.077062    
  -2.724623      -1.158939     -0.5927981               2
 -0.7576418     -0.6766840     -0.5953116    
   1.016891      -1.782131      -2.241653               1
   1.052549     -0.5774763      0.3700182    
  -1.653392      0.6948366      -1.819040               2
  0.7648908      0.6882921      0.5051504    
  -3.563693       3.186666      0.4407144               1
  0.5557605      0.3856052      0.7000775    
  -1.334925       3.014330      -2.669834               2
  0.7741652     -8.8472493E-02  0.6494253    
  -1.837502       1.220295      0.4189003               1
 -8.2205243E-02  0.6748077     -0.9542512    
   1.676850       2.731140     -0.7400748               2
  1.3451925E-02  0.6291419     -1.1533196E-02
  0.3960491      -2.716501      -2.556689               1
  0.2757398     -8.6020887E-02 -0.7900400    
  -1.036085      -5.418595     -0.8148543               2
 -0.4518549      0.3003520     -0.3224929    
  -3.126492     -0.2622751       4.203179               1
  0.3614925      0.3281154     -3.5032388E-02
  -2.470115       1.230805       3.282479               2
  -1.113182      0.4529606      0.3309385    
  -4.062222       2.762288      -3.043267               1
 -0.3680244     -0.8620463     -0.1330373    
  -2.290960      0.6098486     -0.4070600               2
 -1.5916971E-02  -1.002052      0.4704653    
  -5.447564     -0.5019346      -2.276832               1
 -0.7482314      0.1774573      0.2609445    
   2.998127      0.7697220      -2.541409               2
  0.1030749     -0.7018993      0.5644394    
   3.375942      -1.190382      -2.373454               1
 -0.3683007     -6.2817536E-02  0.7496190    
  -4.842263     -7.6914996E-02  -2.495137               2
 -0.2865353      0.3101350     -6.9600097E-03
   3.051437      -4.504709      -2.385291               1
  6.7449719E-02  0.3773827     -4.5339409E-02
  -5.123569       3.048114     -0.1414351               2
  0.5928466     -0.1457796      2.3673953E-02
  -1.376467     -0.4275122       2.131494               1
  0.7556360      -1.117590      1.9043928E-02
  -1.097616       3.331870       3.827635               2
 -6.9020749E-03 -0.2747611     -0.5906370    
  -3.262136       3.280524      -1.013392               1
 -0.8426622      0.5480221     -0.2459603    
  -2.058129       2.448528      -2.763948               2
 -0.5946628      0.6738313      0.7975107    
  -3.941152       2.934886      -2.379106               1
  0.6999964      0.2236154     -0.3791108    
   4.799304      -2.525115       1.705768               2
 -0.5133354     -0.2848964     -0.2150963    
   1.353891      -3.220732      0.1874385               1
 -0.4029853      -1.184199      0.4373261    
  -3.507406      0.9711178     -0.3912865               2
  -1.155788      0.6884402     -0.4599055    
   4.988223      -1.390902       1.988672               1
 -0.3079598     -0.3421980     -1.2137080E-02
 -0.6349299     -0.8229907       4.203478               2
 -6.0076997E-02 -0.5462615     -0.5553399    
  -5.206822      -1.746642     -0.4334860               1
  0.1097277      0.2603243      8.3928786E-02
   3.646520       1.429707       2.773381               2
 -0.5358793      0.6914662      7.9758093E-02
   2.401449      -2.595540       1.099168               1
  0.8363209     -0.4133514      0.5031090    
   2.207481     -0.6085396      -1.492308               2
  -1.179235      9.4743647E-02  0.2767282    
  0.8698516      -1.219829       4.201809               1
  6.5107919E-02 -0.7625577     -0.7574349    
  -2.102434       2.559823       2.324746               2
  7.7631883E-02  0.8032673      0.6417292    
   3.548892       2.958569       2.040214               1
 -0.1467468     -0.1788505      0.1806077    
  -3.196377      0.2763291       1.491693               2
  0.5711047      0.1086737     -0.5267876    
  0.4169340       2.571466       4.143070               1
 -0.3388204     -0.1065999     -0.6169248    
  -4.437388      -1.597991       1.776210               2
 -0.1236285      0.2285567      0.5858037    
 -0.5367614      -3.630461       3.961948               1
 -0.4574853     -4.3069549E-02 -4.1045682E-03
   1.628848      -3.414538     -0.3703818               2
 -7.4025705E-02  0.9381991     -6.1239008E-02
  -1.348704       2.573933      -2.777048               1
 -0.6671928     -0.3437046      0.5799164    
   1.893201      -3.185706      -2.758774               2
  0.8417819      1.0998586E-02  0.6474245    
  -2.449641      -2.055105       2.360694               1
  0.4261420     -0.4749631      6.5682217E-02
 -0.8109742     -0.6661917       4.205905               2
 -0.7928449      0.4435024     -0.1279905    
  -1.507067      -2.283535      -3.157727               1
  8.8315815E-02  0.1959220      5.9828080E-02
   4.955963      -3.048968      -2.148801               2
 -4.3567635E-02 -0.2451964     -0.2054907    
  0.6037592      -4.768417      0.8258758               1
 -0.5032174     -0.1705942     -0.2879340    
   1.335537      -1.205067       1.569003               2
  0.4302692     -0.4876509      0.7514699    
  0.5314161      -3.024012     -0.2612117               1
  0.7737069      0.3614009     -0.6406812    
  -5.278454       2.662729       1.755441               2
 -0.2144501      0.1060348      3.9961047E-02
  -2.331880       4.879508      -1.003214               1
  0.5846639     -0.2717396     -5.0581954E-02
 -9.6922450E-02   1.245416       2.623901               2
  0.2707100      0.9075157      0.2310069    
  0.6485325      -1.788178      0.5900258               1
 -0.4881719     -0.3245924      0.8103046    
   1.634329     -3.3363242E-02  -1.488951               2
  0.5492124      0.6786748      0.5583097    
   4.662265      0.9980153      -1.008436               1
 -9.4358116E-02 -0.3188601      0.8186478    
   1.583301      -2.545828      -4.509909               2
 -0.2476416     -0.1078773      6.4586434E-03
  -4.559997       3.642877      -3.199463               1
  0.1452378      0.4999824      0.1877954    
 -0.6847375       2.520507       3.814241               2
 -0.3810616     -0.2501645     -9.1478698E-02
  -1.040133      -2.530292       3.869084               1
  0.1518462      0.4398554      0.1570405    
  0.7003390      -4.374298      0.5752458               2
  4.1613422E-02 -1.1952680E-02  3.9659891E-02
  -1.894118       1.518969      -4.427569               1
  0.2228022     -0.3064398      9.4320819E-02
  0.9343619       1.484854      -2.894579               2
  8.5441447E-05 -0.3760534      0.8052036    
   3.509131      2.2350952E-02  -3.166494               1
 -0.5242399     -0.5034900     -0.1437428    
  -3.054258      -1.080603     -8.4568644E-03           2
 -0.9034539      4.6563977E-03  0.5986476    
  -1.447751       4.350533      -2.991236               1
 -0.5256686     -0.4957976      1.3946525E-02
  -1.361910       3.702308      -1.745153               2
  0.6873841     -0.3876384     -0.3366715    
   1.454285       2.155559     -0.8836371               1
  0.2389203      0.3566881      0.2420589    
  -3.223013       1.810515      -2.236049               2
  -1.054509     -0.2068283     -0.4364895    
  -3.888726      0.9088460      0.5676416               1
  4.0224314E-02  0.7933269     -1.2441279E-02
   2.381421     -0.7107402     -0.8299056               2
 -0.8921098      7.5993016E-02 -0.3568432    
   3.232143      -1.486272       1.665896               1
  0.9670026     -0.4742209     -0.1677700    
   2.357901      -1.193979       1.194984               2
  0.4056221      0.9455304     -0.4149582    
 -0.3095530      0.6344165      -1.562318               1
 -0.5769340     -0.4093797     -0.6058811    
 -0.2809630       2.991984      -4.982398               2
  0.1177219      0.1658395     -0.1173355    
   2.496793      -1.943548      0.7554613               1
 -0.5981797      0.9702235      2.0950586E-02
   6.014176      0.5543842      0.7011222               2
  0.5865762     -0.1655430      0.1280112    
 -0.9918692       1.911954       1.727736               1
  0.2477381     -0.4312888     -0.2334197    
   1.282148     -0.2612252     -0.5087160               2
 -1.8669467E-02 -0.3332099     -0.6144549    
   2.457020      -2.321508      -1.724105               1
  0.6112008      0.2720676      0.5671511    
  -2.851472      -3.465165     -0.3360050               2
 -7.1811178E-03  9.9838927E-02 -1.6944482E-03
 -0.1933430       2.561166       2.217444               1
  0.1524849      0.6736393     -0.4192795    
   4.020786      0.8356808       2.847756               2
 -6.3803904E-02 -0.2953827      0.2080383    
   3.187721      0.4410024       2.676775               1
 -0.2975024      9.1304563E-02 -0.1276714    
  -4.207861       1.829369      0.8698829               2
   1.101283     -0.1040928     -0.1788796    
   3.936608      -4.941998      -3.670338               1
 -0.1540021     -0.3877098     -0.1124419    
   1.560957      -1.208736       4.705660               2
  0.3062237     -0.2090678     -0.3043319    
  -4.587141      0.8066131      -1.023148               1
  0.4683507     -0.2656999     -0.2351491    
  -3.115364       3.365291      -1.367932               2
 -0.1848353      0.3942510      0.4097180    
   4.220922      -2.461083      -4.149140               1
  9.6395470E-02  0.5064094     -0.5724190    
  -6.289405      -1.378454      -1.345208               2
  0.4551423     -6.3050248E-02 -0.1840663    
   5.617297      -1.544127      0.9466839               1
 -0.1283136     -0.5890651     -0.1413985    
  -2.267994      0.7268035      0.9036378               2
  0.2492449     -0.8562807     -5.0521541E-02
