  -8.733930       6.268426       1.152000      0.4340278      0.1610000    
  0.2008244    
         225   1.000000      -1.998000       99.00000       98.79904    
  0.000000000000000E+000
  0.6767351     -0.3881218       3.289282               1
  0.2885949      0.4953387     -0.6069830    
   4.715819      0.7910835      0.9888625               2
  3.5621367E-02 -0.4955871      0.6645455    
  0.7653894      -1.599612     -0.4492788               1
  -1.113685      0.4891914      0.1388972    
  -2.320753       2.131596      0.5729072               2
  0.4566146     -0.3404939      -1.264811    
  9.3648598E-02   4.988884     -0.5658277               1
 -0.1707071     -0.6279069      0.5275169    
   4.943748      -2.733267     -0.5768288               2
  0.2402421      0.1199554      0.4034441    
   4.971898       2.683011      -1.911573               1
  0.3182287      0.1382181      0.1413517    
  -3.621246       3.819272     -0.4825130               2
 -0.7642688     -0.3859899     -0.6633983    
   3.656058      -3.880199     -0.2246735               1
  4.0434185E-02 -0.1968903      0.5011499    
 -0.6408065       3.278634       2.958600               2
 -5.3551540E-02 -0.2460773      9.1494434E-02
  -4.437978       2.081439       1.258067               1
  0.8416020      0.4018970      0.5851699    
  -2.730007      -1.914297      -3.344846               2
 -0.4133538     -6.7387402E-02  0.1896869    
  -3.789685       3.837802       3.507600               1
 -0.7553071     -0.4058353      2.5505384E-02
   2.598117       1.262759       4.772388               2
 -0.3363260      0.1007194     -0.2954367    
   2.512643     -0.5614158     -0.1087434               1
 -0.3004634     -0.8488327       1.044959    
  -4.987200       2.558723       2.344622               2
 -0.7098469      0.1959936      0.6282176    
  -2.288885      -2.257738       1.386490               1
 -0.3657248      0.8642560      0.1388854    
  0.1494470      -2.979808       5.374491               2
  8.4724575E-02  0.6200027     -0.1694111    
 -0.3947883       1.676859      -1.909658               1
 -0.5374070      0.5872976     -0.6166382    
  -3.076244       1.964202      -2.426920               2
  0.4098791      0.5045925     -0.4728414    
  0.2903369       4.186683       1.783779               1
  0.1742968     -0.4589452     -0.6066741    
  -4.674664      -1.326390       3.275764               2
  0.2787752      0.4560258     -4.8739638E-02
  -6.098226     -0.3451862       3.958628               1
 -0.3121991     -6.0508549E-02  3.3948412E-03
 -2.5577066E-02   4.222315      0.8354064               2
   1.001778     -0.6357537     -5.3920455E-02
   3.072149       1.240569       4.958618               1
 -0.6164711     -0.4222936      0.2010100    
  -1.097207      -2.098592       3.951865               2
  0.1227442     -0.5172585      0.5442762    
  -1.661606       6.417914      0.1561000               1
  0.3526801      0.5939314      0.2526846    
   1.225101     -0.2775547      -6.780794               2
  0.3791918     -2.3528036E-02  0.2081909    
   3.614356      -1.595820      -2.773240               1
 -3.5161730E-02 -0.6799532     -0.3786955    
  -5.641754       3.182012       1.939282               2
  0.6526818     -0.4400126     -0.1430705    
  -1.165301      -5.551057       2.671659               1
  0.5929384     -8.2870059E-02 -0.6651051    
 -0.7033377      -5.842961       2.153771               2
  0.6052731      7.9994559E-02  4.4370703E-02
   3.868273      -1.136755      0.7136286               1
  0.5213575      0.4151844     -0.8066242    
   4.669062       2.105991      -4.078846               2
 -4.2100117E-02  0.5746681     -0.2429094    
 -0.7158679      -4.254478       5.558327               1
 -0.1986992      0.3186288     -0.1520641    
 -7.2374806E-02  -1.215051       1.618394               2
 -0.7196791       1.071364     -0.4540096    
  -3.612025       2.378209      -2.386144               1
 -0.4987433     -0.5688596     -2.4909902E-02
  5.6652941E-02   5.144868      -1.978433               2
  2.5292233E-02 -4.9778000E-02  0.1917666    
  -1.703999      0.8347614       1.810473               1
 -6.6562973E-02  0.1579208      0.8480381    
  0.7245502     -0.6946390      -1.625913               2
 -0.9792300     -0.1032505     -2.3648174E-02
  -2.910823      -5.252861      -4.599508               1
 -0.2181111      6.1863385E-02  0.2144244    
  -4.432846      -2.744485     -0.1750950               2
  0.3053638      1.9980095E-02 -0.5550221    
  9.2943408E-02   3.631973      -3.585543               1
  0.3327854     -0.3332776     -0.4676498    
  -2.717927      0.5812525     -0.9887563               2
 -2.2726063E-02  -1.032829      0.1116182    
   1.244587      0.5506776      -1.369018               1
  0.9580886      0.3392027     -0.3080429    
  -3.120885       4.820266      -1.937605               2
  0.3062394      0.2515422      0.3677239    
 -0.9452732      -2.595330     -0.2584729               1
  0.6040306     -0.5383567      0.6187971    
  -1.022361     -0.9496470     -0.3195682               2
 -8.9755267E-02  0.2949879       1.002750    
  0.7766067     -0.5243011      -4.723310               1
  0.3452276     -0.1705244      0.5285321    
   5.561277       2.603341      2.6774043E-02           2
 -0.2628759     -0.4720635     -0.4758145    
   3.582366      -1.448149       2.213311               1
 -0.5018475     -0.7527924     -0.6244215    
  -3.531862       2.638968       1.355098               2
  0.1479700       1.106684     -0.1532929    
   4.763083       2.050759      0.2014576               1
 -0.6002592      0.2081330     -0.4374476    
  0.1282445      -5.102000      0.4758422               2
 -0.5411539     -0.3454858      0.6339606    
   2.424922      0.9311497      -3.077515               1
 -0.6958586      0.6072038      0.4670070    
 -0.5216729      -1.659288      -2.115145               2
  0.7434447     -0.5107129     -0.2756040    
  -4.332588       2.172157       1.096035               1
 -0.1271390      0.6872212     -0.6704116    
  0.6140498      0.2858581      0.3287016               2
  0.4985332       1.200189     -0.3151974    
  -1.995752      -5.308699     -0.7179656               1
 -0.1974619     -0.3902947     -0.1468290    
   2.712686      -3.525753       3.401885               2
 -0.2560008     -0.2098013     -0.2196425    
   1.764439      -1.998153      -1.398919               1
  0.2879640       1.138941      6.6477194E-02
   3.099966       1.357265      -2.607132               2
 -0.1262476      0.2389820      0.9675497    
  -3.036754       3.267010       1.905334               1
  0.7036703     -0.4052415     -0.3074000    
  0.5100489      -2.550718      0.8614885               2
  0.9992423      0.5436924      0.8374809    
  -1.779938      -2.276814       4.986914               1
  5.7977829E-02 -0.9319615     -0.3196589    
   2.234379      0.3228799      -4.815335               2
  7.1755715E-02 -0.2178469     -0.9427824    
   4.133295      0.8806804      -5.481066               1
 -0.2835425     -0.6219032      0.5287572    
   4.303660     -0.2003367      -6.852601               2
 -5.6259066E-02 -0.3300235      0.2316513    
   1.035083      -3.595265       3.051499               1
  0.4464760      0.3965731      0.4124681    
   1.685720      0.3352705      0.6066895               2
 -0.3121108     -0.8727796     -0.7456119    
  -2.840443       5.264815     -9.9929199E-02           1
 -0.9799706      0.4774942     -2.2438999E-02
   3.735654       2.450640      -1.102056               2
  0.9999973      0.2188421     -0.1882212    
  0.7732696     -0.4943232      -6.167942               1
  0.2891897      8.9973114E-02 -0.7634156    
  -4.038455      0.1873276       3.544613               2
 -5.3434663E-02 -0.8136646     -0.2898540    
   3.914360       1.099245       2.575798               1
  0.1528370      0.1841057      0.6930948    
  0.2414986      -2.085093      0.9525257               2
  0.4134583     -0.3083875      -1.036342    
 -0.3065985      8.0695197E-02 -5.7648841E-02           1
 -0.3872368     -0.9776519     -7.7131912E-02
   4.173181      -1.298179     -0.7934706               2
 -7.4811660E-02  0.2300210     -0.9313236    
  -3.367115      -4.644651      0.5604339               1
  0.3622017      0.6367574      0.7399234    
  -1.453102      -5.013775      0.1464245               2
 -0.5909356      0.5806705     -0.3081689    
  -3.417390      0.4454104      -1.757290               1
 -0.1791227      0.6187049      3.1584170E-02
   2.377529       4.215360      0.1588244               2
 -0.4617249      0.3902650     -0.4916100    
   1.010285     -0.8096117      -1.973812               1
 -0.1851469     -0.1295003      0.6996171    
 -0.3129819      0.3895200      -3.856400               2
 -0.6929200     -0.3227122     -8.0896012E-02
 -0.7269410     -0.2842889       2.616234               1
 -0.6752291     -8.6864240E-02 -0.3093241    
  -3.468797       5.638759     -0.5136871               2
 -9.6609242E-02  1.0947582E-02  0.2910489    
   5.022054      0.1212453      0.2505567               1
  2.7565146E-02  0.4063271     -0.7206663    
 -0.5970644      -6.365780       1.061569               2
 -0.1888438      0.3111864     -0.1193451    
  -1.368291      0.9501560      -1.730958               1
 -6.0847953E-02 -0.7703711     -0.2193674    
   5.069449      -1.218286      -5.244551               2
  0.2831064      0.3043212     -0.1785343    
  -4.423839       2.762774       1.127477               1
 -0.6129427      0.5712072      0.2972484    
   2.657797       1.025807       3.364804               2
  0.1798250      5.2199833E-02  7.1883604E-02
   1.316205       1.910836       1.273012               1
  0.2651956     -0.1565164      0.7180501    
   1.191162      -2.430140       1.464466               2
  0.9766846      0.1097780      0.1948619    
  -1.507714     -0.3833188       3.602845               1
  0.3808417      0.2824919      0.5774518    
   4.270785      0.4840870      -3.405410               2
 -0.7843918      4.2321379E-03 -1.1921430E-03
  -1.669360      -3.362463       3.484042               1
  0.1184756      0.2222040     -0.5163112    
   3.033030       1.981598     -5.4698385E-02           2
 -0.4725632      1.4377570E-02  0.3791219    
  -3.334137       3.983930     -1.8317774E-03           1
  1.6563291E-02 -0.5575406      0.3918992    
 -0.2822591      0.1329838      -2.862577               2
  0.4769757      0.4994557      0.6016769    
  -3.172069       3.397424      -4.232752               1
 -0.4279364      1.9273059E-02  0.2073201    
  -1.299383     -0.4538325       4.900393               2
 -0.5935286     -0.1430647      0.2604233    
  0.2277357       5.247657     -0.5767382               1
 -0.4694276      4.0167440E-03 -0.1861059    
  -1.203746      -2.173551      0.2436212               2
 -0.1214988      0.1898677       1.102791    
  0.8580940      0.1190966      -2.710337               1
 -6.3697428E-02  0.8521461     -0.2605122    
   1.214111      -3.785360      -2.039121               2
  0.4562813      0.2076562     -0.2903822    
  -3.564649       2.090835       3.781529               1
  0.1657334     -0.2616914      0.1376204    
   1.460872     -0.4955648      -6.380348               2
 -3.8543914E-02 -0.1787390      7.7653341E-02
  0.1038706      -4.705611      -1.520390               1
 -3.3986002E-02  0.4345418      0.1877695    
  0.1617199       3.303539      -1.218821               2
  0.4114301     -4.0155683E-02 -1.2623342E-02
   5.279803       2.390460      -2.358832               1
 -7.8540720E-02  0.2471111      0.5242010    
   4.703197       1.568440     -0.5582617               2
  0.6802201     -0.2403185      0.1517023    
  -1.075315      -4.599158       2.985257               1
 -0.1219040     -0.2728175      0.7110938    
   2.661036      -1.793120      0.3047242               2
 -0.6335037      0.5546167      0.3332813    
  -1.302630       2.752267       1.387152               1
  0.5672463      0.1900817     -0.6710570    
  -3.160440       1.227645      0.6894194               2
 -0.4516015     -0.4841099     -0.2905221    
  -2.452048      -1.844084      -2.337114               1
 -0.3686740     -0.3082871      0.9733530    
  0.9747813      -2.850222       3.434503               2
 -0.1933833     -0.3918839     -0.7737629    
  -2.904806      -3.624186      -1.864516               1
 -0.1377514     -0.1045822     -0.3687390    
   2.380821      -2.830978     -0.6167660               2
 -0.1588079     -0.8380204      0.1607268    
   1.726467      -3.593946       1.229964               1
 -8.2406029E-03  1.4659469E-02 -0.7793096    
  -3.736047       4.697855       1.692326               2
  0.5526265     -0.8126618     -0.3188047    
   3.232860     -0.5737724       3.620442               1
  0.1214915      0.1025826      0.1534783    
  -2.787255      -2.095287     -0.8386822               2
  0.2124597      0.5850205     -6.9847046E-03
  0.2860036      -1.470218     -0.4201412               1
  0.9708306     -0.3814655     -6.9505252E-02
  -3.977414       3.173761       1.436401               2
 -0.3554207      0.8400990      0.1697643    
   3.740324      -1.700283      0.4623188               1
 -0.5835201     -0.7656713      0.1353166    
  -2.789783      -3.373396     -0.8026803               2
  0.6060976     -0.6578294      0.5114064    
   2.021370       2.414246      -1.859514               1
 -0.5348788     -8.6405881E-02 -0.5683793    
  -2.586668      -2.363599       3.599689               2
  0.2279497      0.4103868     -1.0197949E-02
   4.345202     -0.9767985      -4.578720               1
  0.3297336     -0.2683274     -0.4728201    
  -2.500906       1.352116       2.881386               2
  0.6756771      5.1493379E-03  0.1394516    
